$ 1 0.000005 10.20027730826997 50 5 43 5e-11
r 256 272 368 272 0 1000
r 416 80 416 144 0 50
w 416 224 416 256 0
L 256 272 256 320 0 1 false 3.3 0
t 368 272 416 272 0 1 0.6151952123905949 0.6950803164206248 100 default
w 128 80 416 80 0
w 416 288 464 320 0
162 416 144 416 224 2 1N34 1 0 1 0.1
g 464 320 464 368 0 0
R 128 80 128 160 0 0 40 3.3 0 0 0.5
o 0 64 0 4099 5 0.0125 0 2 0 3
o 1 64 0 4099 5 0.1 1 2 1 3
o 4 64 6 4098 0.3125 0.1 2 1
o 7 64 0 4099 1.25 0.05 3 2 7 3
38 0 F1 0 1 101 -1 Resistance
